0.47311828
2.689655
0.75
0.9325843
5.6153846
0.9263158
4.9166665
2.3846154
0.61904764
0.3962264
3.173913
0.15789473
3.409091
0.8666667
1.546875
6.909091
0.5714286
0.62857145
1.375
0.35643566
0.8076923
0.31111112
1.3555555
0.6666667
0.9047619
0.6818182
0.8979592
1.3289474
0.6956522
2.6
1.0232558
0.8787879
0.018181818
1.3333334
3
3.7407408
3.36
2.195122
0.011627907
1.4
0.25274727
0
0.7457627
1.6046512
5.529412
Cannot divide by zero
5.529412
1.5806452
0.083333336
1.0208334
0
4.928571
0.75
1.0804597
0.7258065
0.123595506
1.0784314
1.9333333
0.78846157
2.36
2.5555556
1.0441177
0.1724138
4.230769
0.29268292
2.2222223
0.010869565
2.75
0.1904762
0.45588234
1.05
0.7176471
0.11764706
1.2089552
2.1111112
0.29268292
1.6666666
0.010204081
0.19318181
0.6625
0.96
2.0769231
3.5882354
14.5
1.1168832
0.43421054
2.0769231
1.6923077
0.64285713
2.7142856
0
0.36956522
7
0.63265306
1.3157895
12.333333
0.09876543
0.63366336
1.2325581
24.25
1.4727273
